    Iter     M1(i)      T1(i)      M2(i)      T2(i)      U1(i)      U2(i)
   1.000   1.000000   1.000000   1.000000   1.000000   0.751779   0.824634
   2.000   0.998534   0.998712   0.997450   0.998588   0.201589   0.830701
   3.000   0.997074   0.998360   0.994907   0.997166   0.605887   0.178032
   4.000   0.995619   0.997320   0.992372   0.996853   0.322799   0.537505
   5.000   0.994168   0.996761   0.989842   0.995929   0.866005   0.871911
   6.000   0.992722   0.995278   0.987318   0.994436   0.226090   0.876474
   7.000   0.991283   0.994884   0.984802   0.992935   0.865734   0.488301
   8.000   0.989847   0.993402   0.982293   0.992094   0.740224   0.213509
   9.000   0.988418   0.992133   0.979791   0.991719   0.437409   0.832588
  10.000   0.986995   0.991378   0.977294   0.990293   0.733766   0.867594
  11.000   0.985576   0.990120   0.974804   0.988806   0.624593   0.128569
  12.000   0.984164   0.989048   0.972321   0.988575   0.779303   0.847195
  13.000   0.982756   0.987712   0.969843   0.987123   0.642988   0.706192
  14.000   0.981355   0.986608   0.967373   0.985910   0.694506   0.413782
  15.000   0.979959   0.985416   0.964909   0.985194   0.624382   0.236949
  16.000   0.978568   0.984343   0.962451   0.984779   0.664837   0.125466
  17.000   0.977183   0.983201   0.959998   0.984552   0.321538   0.136937
  18.000   0.975803   0.982643   0.957550   0.984307   0.177705   0.758766
  19.000   0.974428   0.982329   0.955107   0.983004   0.655863   0.353680
  20.000   0.973056   0.981202   0.952670   0.982389   0.860178   0.127557
  21.000   0.971690   0.979727   0.950239   0.982158   0.450995   0.405247
  22.000   0.970330   0.978948   0.947813   0.981456   0.712413   0.736160
  23.000   0.968974   0.977725   0.945392   0.980190   0.249498   0.491812
  24.000   0.967625   0.977288   0.942978   0.979340   0.456469   0.617050
  25.000   0.966279   0.976499   0.940569   0.978277   0.667492   0.703749
  26.000   0.964937   0.975352   0.938167   0.977066   0.320820   0.643762
  27.000   0.963601   0.974794   0.935772   0.975957   0.624078   0.230089
  28.000   0.962270   0.973720   0.933382   0.975551   0.195198   0.498691
  29.000   0.960943   0.973375   0.930998   0.974688   0.867795   0.372309
  30.000   0.959620   0.971887   0.928619   0.974040   0.568214   0.279050
  31.000   0.958303   0.970908   0.926246   0.973550   0.701014   0.304076
  32.000   0.956991   0.969702   0.923877   0.973017   0.504766   0.659261
  33.000   0.955685   0.968831   0.921514   0.971881   0.812723   0.867433
  34.000   0.954383   0.967436   0.919157   0.970390   0.537772   0.210900
  35.000   0.953087   0.966508   0.916806   0.970016   0.219435   0.306007
  36.000   0.951796   0.966121   0.914461   0.969479   0.772574   0.303426
  37.000   0.950508   0.964793   0.912120   0.968947   0.751428   0.294820
  38.000   0.949226   0.963502   0.909785   0.968429   0.843411   0.379987
  39.000   0.947950   0.962054   0.907454   0.967766   0.257276   0.300867
  40.000   0.946679   0.961602   0.905128   0.967238   0.592836   0.478631
  41.000   0.945412   0.960579   0.902808   0.966407   0.381328   0.764663
  42.000   0.944150   0.959917   0.900493   0.965090   0.568211   0.539779
  43.000   0.942892   0.958936   0.898184   0.964155   0.833755   0.328671
  44.000   0.941639   0.957504   0.895880   0.963579   0.705760   0.702983
  45.000   0.940391   0.956289   0.893582   0.962366   0.404357   0.554257
  46.000   0.939149   0.955586   0.891290   0.961406   0.160683   0.143160
  47.000   0.937911   0.955298   0.889003   0.961144   0.524638   0.723334
  48.000   0.936677   0.954391   0.886721   0.959896   0.847209   0.203925
  49.000   0.935447   0.952935   0.884444   0.959531   0.555059   0.475513
  50.000   0.934223   0.951976   0.882172   0.958704   0.109522   0.369698
  51.000   0.933003   0.951774   0.879906   0.958057   0.229746   0.735428
  52.000   0.931787   0.951368   0.877644   0.956788   0.348972   0.522827
  53.000   0.930574   0.950759   0.875388   0.955880   0.232519   0.581586
  54.000   0.929366   0.950348   0.873138   0.954871   0.310377   0.623263
  55.000   0.928161   0.949805   0.870893   0.953792   0.651372   0.698521
  56.000   0.926960   0.948682   0.868654   0.952585   0.460433   0.167057
  57.000   0.925763   0.947883   0.866421   0.952281   0.283182   0.830670
  58.000   0.924571   0.947385   0.864191   0.950849   0.221902   0.760654
  59.000   0.923383   0.946992   0.861968   0.949535   0.530674   0.896908
  60.000   0.922198   0.946074   0.859751   0.947990   0.162540   0.454143
  61.000   0.921018   0.945781   0.857541   0.947197   0.185322   0.869518
  62.000   0.919841   0.945450   0.855335   0.945698   0.103707   0.719928
  63.000   0.918668   0.945258   0.853135   0.944453   0.753843   0.794956
  64.000   0.917498   0.943960   0.850941   0.943080   0.167549   0.419826
  65.000   0.916333   0.943659   0.848754   0.942344   0.307896   0.740055
  66.000   0.915171   0.943119   0.846570   0.941064   0.445131   0.828518
  67.000   0.914013   0.942346   0.844393   0.939633   0.245478   0.311042
  68.000   0.912859   0.941913   0.842222   0.939082   0.216431   0.208855
  69.000   0.911708   0.941528   0.840055   0.938705   0.795434   0.563764
  70.000   0.910561   0.940159   0.837892   0.937724   0.539888   0.215964
  71.000   0.909419   0.939225   0.835734   0.937334   0.782425   0.597644
  72.000   0.908282   0.937878   0.833581   0.936295   0.380762   0.510600
  73.000   0.907150   0.937214   0.831432   0.935404   0.421446   0.160773
  74.000   0.906021   0.936481   0.829289   0.935107   0.291933   0.198655
  75.000   0.904897   0.935967   0.827149   0.934746   0.247126   0.291962
  76.000   0.903776   0.935530   0.825014   0.934226   0.433814   0.139724
  77.000   0.902659   0.934775   0.822883   0.933965   0.822173   0.855830
  78.000   0.901546   0.933360   0.820755   0.932486   0.492691   0.491402
  79.000   0.900438   0.932505   0.818634   0.931627   0.370176   0.820043
  80.000   0.899334   0.931858   0.816517   0.930209   0.395397   0.188962
  81.000   0.898234   0.931169   0.814406   0.929863   0.724202   0.411791
  82.000   0.897138   0.929920   0.812299   0.929139   0.293353   0.423130
  83.000   0.896047   0.929403   0.810196   0.928395   0.177164   0.205579
  84.000   0.894959   0.929085   0.808098   0.928021   0.853640   0.864908
  85.000   0.893874   0.927615   0.806004   0.926525   0.560167   0.147824
  86.000   0.892795   0.926645   0.803916   0.926249   0.287824   0.382527
  87.000   0.891720   0.926138   0.801831   0.925574   0.756955   0.112323
  88.000   0.890648   0.924833   0.799751   0.925357   0.134419   0.235192
  89.000   0.889582   0.924586   0.797674   0.924932   0.619292   0.685378
  90.000   0.888518   0.923515   0.795601   0.923741   0.618197   0.460739
  91.000   0.887459   0.922445   0.793533   0.922932   0.537607   0.337057
  92.000   0.886404   0.921513   0.791470   0.922334   0.695754   0.251164
  93.000   0.885354   0.920312   0.789411   0.921881   0.649420   0.246809
  94.000   0.884308   0.919189   0.787356   0.921435   0.394788   0.600495
  95.000   0.883267   0.918499   0.785304   0.920388   0.724182   0.164901
  96.000   0.882229   0.917249   0.783258   0.920081   0.843509   0.720570
  97.000   0.881197   0.915796   0.781215   0.918830   0.489433   0.448687
  98.000   0.880169   0.914944   0.779177   0.918041   0.457427   0.345080
  99.000   0.879145   0.914148   0.777144   0.917428   0.506807   0.508617
 100.000   0.878125   0.913267   0.775115   0.916536   0.754102   0.735865
 101.000   0.877110   0.911965   0.773090   0.915258   0.615455   0.402888
 102.000   0.876099   0.910900   0.771070   0.914546   0.749264   0.526260
 103.000   0.875092   0.909606   0.769055   0.913625   0.380582   0.851201
 104.000   0.874090   0.908940   0.767044   0.912150   0.800754   0.540125
 105.000   0.873092   0.907559   0.765038   0.911205   0.597980   0.569636
 106.000   0.872098   0.906522   0.763037   0.910209   0.266194   0.340997
 107.000   0.871109   0.906050   0.761040   0.909601   0.476739   0.284391
 108.000   0.870123   0.905220   0.759047   0.909090   0.775447   0.255811
 109.000   0.869141   0.903881   0.757058   0.908627   0.280737   0.236566
 110.000   0.868164   0.903384   0.755073   0.908197   0.282131   0.448559
 111.000   0.867189   0.902884   0.753091   0.907406   0.348882   0.838704
 112.000   0.866219   0.902271   0.751113   0.905952   0.444166   0.247853
 113.000   0.865251   0.901496   0.749141   0.905502   0.823905   0.883799
 114.000   0.864288   0.900075   0.747172   0.903971   0.451096   0.188895
 115.000   0.863329   0.899287   0.745208   0.903621   0.306452   0.426976
 116.000   0.862374   0.898746   0.743248   0.902867   0.575917   0.309769
 117.000   0.861422   0.897747   0.741292   0.902311   0.582274   0.668973
 118.000   0.860475   0.896736   0.739339   0.901145   0.277397   0.193934
 119.000   0.859531   0.896244   0.737391   0.900786   0.337341   0.355023
 120.000   0.858591   0.895650   0.735447   0.900153   0.439333   0.506287
 121.000   0.857654   0.894882   0.733506   0.899263   0.168413   0.309986
 122.000   0.856721   0.894575   0.731569   0.898706   0.740812   0.123376
 123.000   0.855790   0.893295   0.729636   0.898467   0.843083   0.684265
 124.000   0.854864   0.891840   0.727706   0.897274   0.490887   0.562820
 125.000   0.853943   0.890985   0.725781   0.896287   0.289827   0.467079
 126.000   0.853026   0.890471   0.723860   0.895463   0.870471   0.537445
 127.000   0.852112   0.888970   0.721943   0.894519   0.516909   0.285276
 128.000   0.851202   0.888070   0.720030   0.894004   0.491118   0.599248
 129.000   0.850297   0.887214   0.718120   0.892954   0.643308   0.416412
 130.000   0.849395   0.886099   0.716215   0.892216   0.393949   0.890386
 131.000   0.848498   0.885407   0.714314   0.890672   0.130191   0.808134
 132.000   0.847604   0.885165   0.712417   0.889267   0.830629   0.736947
 133.000   0.846712   0.883731   0.710525   0.887983   0.178970   0.309497
 134.000   0.845826   0.883405   0.708638   0.887426   0.368285   0.643782
 135.000   0.844942   0.882758   0.706754   0.886300   0.209243   0.676982
 136.000   0.844061   0.882380   0.704875   0.885118   0.185409   0.623006
 137.000   0.843183   0.882044   0.702999   0.884027   0.495339   0.723241
 138.000   0.842308   0.881180   0.701128   0.882766   0.672030   0.822976
 139.000   0.841437   0.880016   0.699262   0.881335   0.812738   0.367330
 140.000   0.840570   0.878613   0.697399   0.880679   0.658997   0.258248
 141.000   0.839708   0.877471   0.695541   0.880208   0.124433   0.695259
 142.000   0.838849   0.877237   0.693686   0.878993   0.500018   0.483938
 143.000   0.837994   0.876366   0.691835   0.878138   0.823778   0.587893
 144.000   0.837142   0.874943   0.689987   0.877107   0.594133   0.787554
 145.000   0.836294   0.873911   0.688144   0.875735   0.744392   0.561377
 146.000   0.835451   0.872624   0.686305   0.874748   0.246338   0.291946
 147.000   0.834611   0.872183   0.684470   0.874219   0.809210   0.122939
 148.000   0.833775   0.870786   0.682638   0.873977   0.491921   0.234342
 149.000   0.832943   0.869927   0.680809   0.873546   0.882945   0.670156
 150.000   0.832115   0.868404   0.678983   0.872374   0.500377   0.476871
 151.000   0.831291   0.867531   0.677162   0.871530   0.147695   0.645578
 152.000   0.830472   0.867257   0.675343   0.870399   0.133945   0.157156
 153.000   0.829654   0.867007   0.673529   0.870099   0.517320   0.177384
 154.000   0.828839   0.866106   0.671718   0.869764   0.754519   0.754038
 155.000   0.828028   0.864800   0.669909   0.868448   0.677952   0.219892
 156.000   0.827221   0.863625   0.668105   0.868041   0.627684   0.514876
 157.000   0.826418   0.862536   0.666304   0.867132   0.878380   0.619193
 158.000   0.825620   0.861020   0.664506   0.866045   0.740264   0.463038
 159.000   0.824825   0.859738   0.662712   0.865224   0.445913   0.760251
 160.000   0.824035   0.858957   0.660922   0.863898   0.166776   0.206537
 161.000   0.823249   0.858651   0.659135   0.863513   0.238711   0.412750
 162.000   0.822465   0.858222   0.657352   0.862777   0.765104   0.742692
 163.000   0.821683   0.856899   0.655572   0.861480   0.148377   0.419406
 164.000   0.820906   0.856624   0.653796   0.860733   0.521501   0.433440
 165.000   0.820132   0.855714   0.652023   0.859961   0.625488   0.602379
 166.000   0.819361   0.854628   0.650254   0.858903   0.333587   0.445321
 167.000   0.818594   0.854038   0.648488   0.858111   0.112390   0.887251
 168.000   0.817830   0.853823   0.646725   0.856568   0.233735   0.184973
 169.000   0.817068   0.853403   0.644967   0.856218   0.397928   0.258495
 170.000   0.816309   0.852703   0.643212   0.855743   0.491750   0.371595
 171.000   0.815553   0.851844   0.641459   0.855076   0.861304   0.836266
 172.000   0.814801   0.850357   0.639710   0.853619   0.142142   0.690286
 173.000   0.814053   0.850092   0.637964   0.852410   0.315296   0.438268
 174.000   0.813308   0.849533   0.636223   0.851630   0.538297   0.854190
 175.000   0.812565   0.848594   0.634485   0.850142   0.434195   0.886442
 176.000   0.811826   0.847833   0.632750   0.848599   0.341164   0.660879
 177.000   0.811091   0.847230   0.631020   0.847440   0.633071   0.531301
 178.000   0.810358   0.846130   0.629294   0.846500   0.658484   0.633222
 179.000   0.809629   0.844988   0.627571   0.845388   0.242506   0.202412
 180.000   0.808904   0.844552   0.625851   0.845007   0.899264   0.236897
 181.000   0.808182   0.843000   0.624134   0.844568   0.126081   0.548960
 182.000   0.807464   0.842762   0.622420   0.843599   0.805493   0.635340
 183.000   0.806749   0.841370   0.620709   0.842482   0.252347   0.395133
 184.000   0.806037   0.840917   0.619002   0.841774   0.468581   0.885310
 185.000   0.805329   0.840097   0.617297   0.840232   0.225124   0.784418
 186.000   0.804624   0.839691   0.615597   0.838861   0.615812   0.401018
 187.000   0.803921   0.838621   0.613900   0.838143   0.252739   0.442602
 188.000   0.803222   0.838167   0.612207   0.837353   0.485618   0.196489
 189.000   0.802526   0.837318   0.610516   0.836982   0.571606   0.280950
 190.000   0.801833   0.836323   0.608828   0.836467   0.407695   0.566389
 191.000   0.801143   0.835606   0.607143   0.835467   0.301445   0.332353
 192.000   0.800457   0.835070   0.605460   0.834864   0.593673   0.312225
 193.000   0.799773   0.834037   0.603781   0.834296   0.759501   0.886131
 194.000   0.799094   0.832722   0.602104   0.832752   0.684199   0.375102
 195.000   0.798418   0.831535   0.600431   0.832076   0.567255   0.186215
 196.000   0.797745   0.830547   0.598761   0.831722   0.825047   0.803723
 197.000   0.797077   0.829121   0.597094   0.830318   0.754208   0.308582
 198.000   0.796413   0.827815   0.595430   0.829756   0.575485   0.118010
 199.000   0.795752   0.826812   0.593768   0.829517   0.440207   0.350175
 200.000   0.795095   0.826040   0.592109   0.828884   0.229188   0.243013
 201.000   0.794441   0.825626   0.590453   0.828433   0.438309   0.175383
 202.000   0.793790   0.824857   0.588799   0.828096   0.578819   0.476739
 203.000   0.793142   0.823848   0.587147   0.827248   0.656759   0.659910
 204.000   0.792497   0.822708   0.585499   0.826087   0.610825   0.126883
 205.000   0.791856   0.821645   0.583853   0.825833   0.155045   0.355680
 206.000   0.791219   0.821357   0.582210   0.825190   0.524691   0.623557
 207.000   0.790584   0.820440   0.580570   0.824092   0.426095   0.755985
 208.000   0.789952   0.819692   0.578932   0.822768   0.674687   0.874919
 209.000   0.789324   0.818520   0.577298   0.821242   0.525067   0.360117
 210.000   0.788699   0.817603   0.575668   0.820591   0.184503   0.588767
 211.000   0.788077   0.817265   0.574040   0.819551   0.723042   0.438762
 212.000   0.787458   0.816011   0.572415   0.818766   0.172659   0.313177
 213.000   0.786842   0.815693   0.570793   0.818195   0.222925   0.324804
 214.000   0.786229   0.815290   0.569174   0.817603   0.452068   0.521714
 215.000   0.785619   0.814497   0.567557   0.816677   0.465939   0.800297
 216.000   0.785011   0.813680   0.565943   0.815277   0.514442   0.854898
 217.000   0.784407   0.812781   0.564332   0.813785   0.610167   0.866155
 218.000   0.783805   0.811719   0.562725   0.812273   0.292566   0.640898
 219.000   0.783208   0.811197   0.561121   0.811143   0.331252   0.637447
 220.000   0.782613   0.810610   0.559520   0.810020   0.656112   0.154394
 221.000   0.782020   0.809470   0.557922   0.809718   0.303832   0.279232
 222.000   0.781432   0.808929   0.556327   0.809203   0.634266   0.775514
 223.000   0.780846   0.807826   0.554733   0.807845   0.375570   0.724416
 224.000   0.780263   0.807163   0.553143   0.806573   0.640266   0.105372
 225.000   0.779683   0.806050   0.551556   0.806354   0.581736   0.409417
 226.000   0.779107   0.805036   0.549971   0.805617   0.832793   0.100921
 227.000   0.778534   0.803596   0.548389   0.805406   0.469959   0.439479
 228.000   0.777966   0.802772   0.546808   0.804618   0.468733   0.716128
 229.000   0.777400   0.801951   0.545230   0.803360   0.357977   0.727791
 230.000   0.776837   0.801317   0.543655   0.802083   0.477086   0.128610
 231.000   0.776277   0.800481   0.542083   0.801824   0.240700   0.677406
 232.000   0.775720   0.800047   0.540513   0.800631   0.478789   0.222177
 233.000   0.775166   0.799209   0.538946   0.800213   0.372900   0.585911
 234.000   0.774615   0.798550   0.537381   0.799176   0.253396   0.690741
 235.000   0.774066   0.798094   0.535819   0.797961   0.294280   0.833939
 236.000   0.773520   0.797569   0.534259   0.796502   0.315249   0.712400
 237.000   0.772977   0.797008   0.532703   0.795250   0.250930   0.329999
 238.000   0.772436   0.796557   0.531150   0.794648   0.172891   0.560968
 239.000   0.771897   0.796238   0.529599   0.793653   0.646691   0.537274
 240.000   0.771361   0.795114   0.528051   0.792698   0.440583   0.615554
 241.000   0.770829   0.794341   0.526505   0.791610   0.618094   0.643213
 242.000   0.770299   0.793265   0.524962   0.790475   0.608629   0.856139
 243.000   0.769772   0.792206   0.523422   0.788978   0.267148   0.667425
 244.000   0.769249   0.791727   0.521885   0.787802   0.288984   0.195517
 245.000   0.768729   0.791211   0.520350   0.787428   0.585843   0.460110
 246.000   0.768211   0.790190   0.518818   0.786603   0.466980   0.629556
 247.000   0.767696   0.789372   0.517288   0.785491   0.716228   0.380174
 248.000   0.767184   0.788129   0.515760   0.784803   0.629608   0.432927
 249.000   0.766676   0.787034   0.514235   0.784025   0.773543   0.766333
 250.000   0.766171   0.785694   0.512712   0.782680   0.305153   0.590769
 251.000   0.765671   0.785151   0.511192   0.781634   0.565799   0.532591
 252.000   0.765172   0.784164   0.509674   0.780686   0.795953   0.311823
 253.000   0.764677   0.782786   0.508159   0.780113   0.354459   0.195372
 254.000   0.764185   0.782158   0.506646   0.779739   0.851864   0.616441
 255.000   0.763697   0.780685   0.505135   0.778649   0.483571   0.611454
 256.000   0.763212   0.779838   0.503626   0.777567   0.535773   0.617849
 257.000   0.762730   0.778902   0.502120   0.776474   0.535109   0.676837
 258.000   0.762251   0.777968   0.500617   0.775281   0.517996   0.894964
 259.000   0.761776   0.777062   0.499116   0.773717   0.274941   0.184639
 260.000   0.761303   0.776570   0.497617   0.773360   0.187758   0.150873
 261.000   0.760833   0.776226   0.496121   0.773061   0.423664   0.458698
 262.000   0.760365   0.775480   0.494626   0.772238   0.392653   0.710804
 263.000   0.759900   0.774788   0.493134   0.770987   0.602317   0.717584
 264.000   0.759437   0.773739   0.491644   0.769724   0.846283   0.878193
 265.000   0.758978   0.772275   0.490157   0.768188   0.253623   0.211099
 266.000   0.758523   0.771819   0.488672   0.767786   0.657013   0.175056
 267.000   0.758070   0.770677   0.487190   0.767445   0.520324   0.524275
 268.000   0.757621   0.769768   0.485709   0.766511   0.788912   0.487883
 269.000   0.757174   0.768402   0.484230   0.765638   0.414765   0.637145
 270.000   0.756731   0.767671   0.482753   0.764512   0.693006   0.516042
 271.000   0.756291   0.766468   0.481279   0.763591   0.378170   0.219998
 272.000   0.755855   0.765800   0.479807   0.763174   0.568874   0.309716
 273.000   0.755421   0.764808   0.478337   0.762604   0.135563   0.703947
 274.000   0.754990   0.764552   0.476868   0.761364   0.294228   0.453922
 275.000   0.754561   0.764027   0.475402   0.760549   0.650237   0.387383
 276.000   0.754135   0.762897   0.473938   0.759846   0.689072   0.415766
 277.000   0.753712   0.761700   0.472476   0.759096   0.646733   0.663238
 278.000   0.753292   0.760575   0.471016   0.757925   0.453844   0.115662
 279.000   0.752876   0.759779   0.469558   0.757684   0.364686   0.439448
 280.000   0.752463   0.759133   0.468102   0.756893   0.316216   0.257643
 281.000   0.752052   0.758571   0.466647   0.756412   0.757377   0.443937
 282.000   0.751643   0.757258   0.465195   0.755613   0.810217   0.412946
 283.000   0.751239   0.755855   0.463744   0.754867   0.715292   0.417433
 284.000   0.750838   0.754614   0.462295   0.754113   0.746811   0.704062
 285.000   0.750440   0.753319   0.460848   0.752873   0.401916   0.272815
 286.000   0.750046   0.752610   0.459404   0.752365   0.732326   0.859443
 287.000   0.749655   0.751340   0.457961   0.750860   0.362052   0.637011
 288.000   0.749267   0.750699   0.456520   0.749733   0.450916   0.766800
 289.000   0.748882   0.749907   0.455082   0.748385   0.715083   0.233803
 290.000   0.748499   0.748666   0.453646   0.747943   0.789584   0.891898
 291.000   0.748120   0.747298   0.452212   0.746383   0.511539   0.807425
 292.000   0.747745   0.746403   0.450780   0.744966   0.570421   0.223802
 293.000   0.747372   0.745408   0.449350   0.744541   0.259890   0.425564
 294.000   0.747003   0.744941   0.447923   0.743773   0.698965   0.760467
 295.000   0.746636   0.743728   0.446496   0.742436   0.731970   0.354819
 296.000   0.746272   0.742458   0.445073   0.741789   0.527251   0.171961
 297.000   0.745912   0.741536   0.443650   0.741452   0.189365   0.209034
 298.000   0.745554   0.741189   0.442230   0.741052   0.642922   0.496142
 299.000   0.745199   0.740070   0.440810   0.740164   0.251768   0.496005
 300.000   0.744847   0.739617   0.439393   0.739276   0.218087   0.143979
 301.000   0.744498   0.739221   0.437977   0.738987   0.780570   0.548448
 302.000   0.744150   0.737868   0.436563   0.738010   0.843687   0.657334
 303.000   0.743806   0.736409   0.435150   0.736847   0.566233   0.752318
 304.000   0.743466   0.735420   0.433740   0.735524   0.803211   0.891129
 305.000   0.743129   0.734029   0.432332   0.733964   0.100418   0.792351
 306.000   0.742795   0.733833   0.430926   0.732572   0.590053   0.891960
 307.000   0.742464   0.732805   0.429522   0.731011   0.522144   0.483619
 308.000   0.742135   0.731892   0.428121   0.730144   0.741078   0.282274
 309.000   0.741809   0.730607   0.426721   0.729619   0.498475   0.820682
 310.000   0.741487   0.729734   0.425323   0.728179   0.559729   0.776143
 311.000   0.741168   0.728757   0.423927   0.726814   0.690912   0.568790
 312.000   0.740851   0.727557   0.422533   0.725802   0.297388   0.633133
 313.000   0.740538   0.727026   0.421141   0.724680   0.166786   0.600768
 314.000   0.740228   0.726718   0.419751   0.723614   0.628756   0.683801
 315.000   0.739919   0.725624   0.418363   0.722406   0.812602   0.885843
 316.000   0.739613   0.724217   0.416976   0.720855   0.715223   0.565157
 317.000   0.739311   0.722976   0.415592   0.719849   0.842650   0.564072
 318.000   0.739013   0.721518   0.414210   0.718844   0.113586   0.196688
 319.000   0.738718   0.721300   0.412829   0.718464   0.790169   0.487437
 320.000   0.738425   0.719931   0.411450   0.717590   0.775885   0.267524
 321.000   0.738135   0.718587   0.410072   0.717090   0.541833   0.603907
 322.000   0.737849   0.717641   0.408695   0.716018   0.125593   0.591771
 323.000   0.737566   0.717402   0.407321   0.714966   0.389929   0.139626
 324.000   0.737285   0.716714   0.405947   0.714683   0.491656   0.254008
 325.000   0.737007   0.715853   0.404575   0.714206   0.198467   0.264395
 326.000   0.736731   0.715490   0.403205   0.713711   0.217212   0.251258
 327.000   0.736457   0.715096   0.401835   0.713238   0.134122   0.608158
 328.000   0.736185   0.714843   0.400467   0.712158   0.325493   0.530877
 329.000   0.735915   0.714264   0.399100   0.711210   0.656130   0.499293
 330.000   0.735648   0.713123   0.397735   0.710315   0.528641   0.456147
 331.000   0.735384   0.712200   0.396372   0.709494   0.199146   0.492286
 332.000   0.735122   0.711836   0.395010   0.708611   0.782399   0.799142
 333.000   0.734863   0.710481   0.393649   0.707206   0.316235   0.266769
 334.000   0.734607   0.709918   0.392290   0.706706   0.551984   0.612249
 335.000   0.734354   0.708954   0.390933   0.705619   0.433623   0.264780
 336.000   0.734103   0.708192   0.389577   0.705123   0.858346   0.165657
 337.000   0.733855   0.706708   0.388222   0.704795   0.184568   0.213633
 338.000   0.733611   0.706369   0.386869   0.704386   0.233168   0.596767
 339.000   0.733369   0.705947   0.385516   0.703325   0.558968   0.141662
 340.000   0.733129   0.704972   0.384165   0.703038   0.844961   0.682929
 341.000   0.732892   0.703510   0.382815   0.701831   0.690273   0.150724
 342.000   0.732658   0.702311   0.381467   0.701528   0.788352   0.847524
 343.000   0.732428   0.700946   0.380119   0.700041   0.887519   0.787151
 344.000   0.732201   0.699412   0.378774   0.698657   0.728447   0.510702
 345.000   0.731978   0.698148   0.377430   0.697742   0.242082   0.418872
 346.000   0.731759   0.697712   0.376087   0.696984   0.207145   0.124712
 347.000   0.731541   0.697334   0.374746   0.696725   0.851313   0.341045
 348.000   0.731326   0.695862   0.373406   0.696099   0.336427   0.366349
 349.000   0.731114   0.695264   0.372067   0.695430   0.473655   0.618559
 350.000   0.730904   0.694434   0.370729   0.694332   0.120183   0.773765
 351.000   0.730698   0.694204   0.369393   0.692970   0.547226   0.783280
 352.000   0.730493   0.693249   0.368058   0.691592   0.378303   0.456821
 353.000   0.730291   0.692581   0.366725   0.690768   0.143392   0.241686
 354.000   0.730091   0.692312   0.365393   0.690311   0.630246   0.364663
 355.000   0.729894   0.691215   0.364062   0.689644   0.818789   0.194524
 356.000   0.729699   0.689798   0.362732   0.689267   0.890734   0.531986
 357.000   0.729508   0.688259   0.361403   0.688316   0.665534   0.899593
 358.000   0.729321   0.687102   0.360076   0.686740   0.330279   0.431618
 359.000   0.729137   0.686516   0.358750   0.685959   0.471872   0.711166
 360.000   0.728955   0.685688   0.357425   0.684703   0.754563   0.180177
 361.000   0.728776   0.684381   0.356102   0.684350   0.242494   0.387708
 362.000   0.728600   0.683943   0.354780   0.683644   0.145364   0.517509
 363.000   0.728426   0.683671   0.353459   0.682718   0.368679   0.240535
 364.000   0.728255   0.683019   0.352139   0.682262   0.267157   0.824123
 365.000   0.728085   0.682540   0.350820   0.680814   0.640313   0.474775
 366.000   0.727918   0.681426   0.349502   0.679960   0.829706   0.183209
 367.000   0.727754   0.679991   0.348186   0.679601   0.696437   0.689014
 368.000   0.727594   0.678782   0.346870   0.678383   0.549489   0.247355
 369.000   0.727437   0.677823   0.345556   0.677915   0.577769   0.339950
 370.000   0.727282   0.676815   0.344243   0.677290   0.207298   0.270081
 371.000   0.727131   0.676438   0.342930   0.676784   0.815953   0.157162
 372.000   0.726982   0.675026   0.341619   0.676470   0.293989   0.143004
 373.000   0.726836   0.674501   0.340308   0.676180   0.453378   0.110627
 374.000   0.726692   0.673705   0.338998   0.675944   0.817753   0.257327
 375.000   0.726551   0.672290   0.337688   0.675460   0.174696   0.345894
 376.000   0.726414   0.671967   0.336380   0.674825   0.464846   0.181336
 377.000   0.726278   0.671152   0.335072   0.674469   0.896312   0.365674
 378.000   0.726146   0.669603   0.333765   0.673800   0.337877   0.149636
 379.000   0.726017   0.669003   0.332459   0.673499   0.338595   0.137081
 380.000   0.725890   0.668402   0.331154   0.673219   0.504343   0.709141
 381.000   0.725765   0.667520   0.329849   0.671966   0.604856   0.171913
 382.000   0.725644   0.666466   0.328545   0.671626   0.164690   0.721792
 383.000   0.725525   0.666161   0.327243   0.670352   0.824108   0.527018
 384.000   0.725408   0.664735   0.325941   0.669409   0.187323   0.760647
 385.000   0.725295   0.664391   0.324641   0.668069   0.370478   0.335178
 386.000   0.725184   0.663736   0.323342   0.667451   0.697051   0.108269
 387.000   0.725075   0.662526   0.322043   0.667220   0.138758   0.634333
 388.000   0.724970   0.662265   0.320746   0.666094   0.582774   0.520882
 389.000   0.724866   0.661249   0.319449   0.665161   0.683768   0.665803
 390.000   0.724765   0.660061   0.318153   0.663982   0.725102   0.330382
 391.000   0.724668   0.658803   0.316859   0.663373   0.654026   0.545336
 392.000   0.724573   0.657666   0.315565   0.662398   0.417217   0.149273
 393.000   0.724482   0.656932   0.314273   0.662097   0.724140   0.370067
 394.000   0.724394   0.655676   0.312980   0.661420   0.586293   0.693003
 395.000   0.724308   0.654654   0.311689   0.660195   0.183851   0.202311
 396.000   0.724226   0.654316   0.310399   0.659803   0.539632   0.488184
 397.000   0.724146   0.653374   0.309109   0.658926   0.812381   0.739168
 398.000   0.724068   0.651968   0.307820   0.657622   0.687473   0.141066
 399.000   0.723994   0.650774   0.306533   0.657335   0.158308   0.170822
 400.000   0.723923   0.650480   0.305246   0.656997   0.738681   0.854407
 401.000   0.723854   0.649199   0.303959   0.655497   0.646972   0.205666
